679.466667
566.633333
557.200000
557.200000
557.200000
557.200000
557.200000
552.600000
552.600000
540.466667
540.466667
540.166667
540.166667
540.166667
538.566667
538.566667
538.566667
538.566667
538.566667
538.566667
538.566667
538.566667
531.200000
531.200000
531.200000
531.200000
531.200000
531.200000
531.200000
531.200000
531.200000
531.200000
531.200000
531.200000
531.200000
531.200000
531.200000
531.200000
531.200000
531.200000
531.200000
531.200000
531.200000
531.200000
531.200000
531.200000
531.200000
531.200000
531.200000
531.200000
531.200000
531.200000
531.200000
531.200000
531.200000
531.200000
531.200000
531.200000
531.200000
531.200000
531.200000
531.200000
531.200000
531.200000
531.200000
531.200000
531.200000
531.200000
531.200000
531.200000
531.200000
531.200000
531.200000
531.200000
531.200000
531.200000
531.200000
531.200000
531.200000
531.200000
531.200000
531.200000
531.200000
531.200000
531.200000
531.200000
531.200000
531.200000
531.200000
531.200000
531.200000
531.200000
531.200000
531.200000
531.200000
531.200000
531.200000
531.200000
531.200000
531.200000
531.200000
